------------------------------------------------------------
 Wavefunction  1
------------------------------------------------------------
Distance (nm), Wavefunction (arbitrary units)
                 -35,            -2.01e-11
               -34.9,            -1.98e-11
               -34.8,            -1.97e-11
               -34.7,            -1.98e-11
               -34.6,            -1.97e-11
               -34.5,            -2.03e-11
               -34.4,            -2.08e-11
               -34.3,            -2.12e-11
               -34.2,            -2.18e-11
               -34.1,            -2.23e-11
                 -34,            -2.29e-11
               -33.9,            -2.36e-11
               -33.8,            -2.42e-11
               -33.7,            -2.51e-11
               -33.6,            -2.57e-11
               -33.5,            -2.64e-11
               -33.4,            -2.68e-11
               -33.3,            -2.75e-11
               -33.2,            -2.82e-11
               -33.1,            -2.94e-11
                 -33,            -3.08e-11
               -32.9,            -3.22e-11
               -32.8,            -3.36e-11
               -32.7,            -3.51e-11
               -32.6,            -3.67e-11
               -32.5,            -3.85e-11
               -32.4,            -4.02e-11
               -32.3,            -4.23e-11
               -32.2,            -4.48e-11
               -32.1,            -4.81e-11
                 -32,            -5.17e-11
               -31.9,            -5.53e-11
               -31.8,            -5.93e-11
               -31.7,            -6.33e-11
               -31.6,            -6.74e-11
               -31.5,            -7.19e-11
               -31.4,            -7.72e-11
               -31.3,            -8.29e-11
               -31.2,            -8.96e-11
               -31.1,            -9.71e-11
                 -31,            -1.05e-10
               -30.9,            -1.15e-10
               -30.8,            -1.25e-10
               -30.7,            -1.37e-10
               -30.6,            -1.49e-10
               -30.5,            -1.62e-10
               -30.4,            -1.77e-10
               -30.3,            -1.92e-10
               -30.2,            -2.09e-10
               -30.1,            -2.27e-10
                 -30,            -2.46e-10
               -29.9,            -2.67e-10
               -29.8,            -2.91e-10
               -29.7,            -3.15e-10
               -29.6,            -3.42e-10
               -29.5,            -3.71e-10
               -29.4,            -4.03e-10
               -29.3,            -4.39e-10
               -29.2,            -4.76e-10
               -29.1,            -5.17e-10
                 -29,            -5.62e-10
               -28.9,             -6.1e-10
               -28.8,            -6.61e-10
               -28.7,            -7.17e-10
               -28.6,            -7.78e-10
               -28.5,            -8.44e-10
               -28.4,            -9.15e-10
               -28.3,            -9.92e-10
               -28.2,            -1.08e-09
               -28.1,            -1.17e-09
                 -28,            -1.26e-09
               -27.9,            -1.37e-09
               -27.8,            -1.48e-09
               -27.7,            -1.61e-09
               -27.6,            -1.74e-09
               -27.5,            -1.89e-09
               -27.4,            -2.04e-09
               -27.3,            -2.21e-09
               -27.2,             -2.4e-09
               -27.1,             -2.6e-09
                 -27,            -2.81e-09
               -26.9,            -3.05e-09
               -26.8,             -3.3e-09
               -26.7,            -3.57e-09
               -26.6,            -3.87e-09
               -26.5,             -4.2e-09
               -26.4,            -4.55e-09
               -26.3,            -4.92e-09
               -26.2,            -5.33e-09
               -26.1,            -5.78e-09
                 -26,            -6.26e-09
               -25.9,            -6.78e-09
               -25.8,            -7.35e-09
               -25.7,            -7.96e-09
               -25.6,            -8.62e-09
               -25.5,            -9.34e-09
               -25.4,            -1.01e-08
               -25.3,             -1.1e-08
               -25.2,            -1.19e-08
               -25.1,            -1.29e-08
                 -25,            -1.39e-08
               -24.9,            -1.51e-08
               -24.8,            -1.63e-08
               -24.7,            -1.77e-08
               -24.6,            -1.92e-08
               -24.5,            -2.08e-08
               -24.4,            -2.25e-08
               -24.3,            -2.44e-08
               -24.2,            -2.64e-08
               -24.1,            -2.86e-08
                 -24,             -3.1e-08
               -23.9,            -3.36e-08
               -23.8,            -3.64e-08
               -23.7,            -3.94e-08
               -23.6,            -4.27e-08
               -23.5,            -4.63e-08
               -23.4,            -5.01e-08
               -23.3,            -5.43e-08
               -23.2,            -5.88e-08
               -23.1,            -6.37e-08
                 -23,             -6.9e-08
               -22.9,            -7.48e-08
               -22.8,             -8.1e-08
               -22.7,            -8.77e-08
               -22.6,             -9.5e-08
               -22.5,            -1.03e-07
               -22.4,            -1.12e-07
               -22.3,            -1.21e-07
               -22.2,            -1.31e-07
               -22.1,            -1.42e-07
                 -22,            -1.54e-07
               -21.9,            -1.66e-07
               -21.8,             -1.8e-07
               -21.7,            -1.95e-07
               -21.6,            -2.12e-07
               -21.5,            -2.29e-07
               -21.4,            -2.48e-07
               -21.3,            -2.69e-07
               -21.2,            -2.91e-07
               -21.1,            -3.16e-07
                 -21,            -3.42e-07
               -20.9,             -3.7e-07
               -20.8,            -4.01e-07
               -20.7,            -4.35e-07
               -20.6,            -4.71e-07
               -20.5,             -5.1e-07
               -20.4,            -5.53e-07
               -20.3,            -5.99e-07
               -20.2,            -6.48e-07
               -20.1,            -7.02e-07
                 -20,            -7.61e-07
               -19.9,            -8.24e-07
               -19.8,            -8.93e-07
               -19.7,            -9.67e-07
               -19.6,            -1.05e-06
               -19.5,            -1.14e-06
               -19.4,            -1.23e-06
               -19.3,            -1.33e-06
               -19.2,            -1.44e-06
               -19.1,            -1.56e-06
                 -19,            -1.69e-06
               -18.9,            -1.83e-06
               -18.8,            -1.99e-06
               -18.7,            -2.15e-06
               -18.6,            -2.33e-06
               -18.5,            -2.53e-06
               -18.4,            -2.74e-06
               -18.3,            -2.97e-06
               -18.2,            -3.21e-06
               -18.1,            -3.48e-06
                 -18,            -3.77e-06
               -17.9,            -4.08e-06
               -17.8,            -4.42e-06
               -17.7,            -4.79e-06
               -17.6,            -5.19e-06
               -17.5,            -5.62e-06
               -17.4,            -6.09e-06
               -17.3,             -6.6e-06
               -17.2,            -7.15e-06
               -17.1,            -7.74e-06
                 -17,            -8.39e-06
               -16.9,            -9.09e-06
               -16.8,            -9.85e-06
               -16.7,            -1.07e-05
               -16.6,            -1.16e-05
               -16.5,            -1.25e-05
               -16.4,            -1.36e-05
               -16.3,            -1.47e-05
               -16.2,            -1.59e-05
               -16.1,            -1.72e-05
                 -16,            -1.87e-05
               -15.9,            -2.02e-05
               -15.8,            -2.19e-05
               -15.7,            -2.37e-05
               -15.6,            -2.57e-05
               -15.5,            -2.79e-05
               -15.4,            -3.02e-05
               -15.3,            -3.27e-05
               -15.2,            -3.54e-05
               -15.1,            -3.84e-05
                 -15,            -4.16e-05
               -14.9,             -4.5e-05
               -14.8,            -4.88e-05
               -14.7,            -5.28e-05
               -14.6,            -5.72e-05
               -14.5,             -6.2e-05
               -14.4,            -6.72e-05
               -14.3,            -7.28e-05
               -14.2,            -7.88e-05
               -14.1,            -8.54e-05
                 -14,            -9.25e-05
               -13.9,              -0.0001
               -13.8,            -0.000109
               -13.7,            -0.000118
               -13.6,            -0.000127
               -13.5,            -0.000138
               -13.4,             -0.00015
               -13.3,            -0.000162
               -13.2,            -0.000175
               -13.1,             -0.00019
                 -13,            -0.000206
               -12.9,            -0.000223
               -12.8,            -0.000242
               -12.7,            -0.000262
               -12.6,            -0.000284
               -12.5,            -0.000307
               -12.4,            -0.000333
               -12.3,             -0.00036
               -12.2,            -0.000391
               -12.1,            -0.000423
                 -12,            -0.000458
               -11.9,            -0.000496
               -11.8,            -0.000538
               -11.7,            -0.000583
               -11.6,            -0.000631
               -11.5,            -0.000684
               -11.4,            -0.000741
               -11.3,            -0.000802
               -11.2,            -0.000869
               -11.1,            -0.000942
                 -11,             -0.00102
               -10.9,              -0.0011
               -10.8,              -0.0012
               -10.7,              -0.0013
               -10.6,              -0.0014
               -10.5,             -0.00152
               -10.4,             -0.00165
               -10.3,             -0.00179
               -10.2,             -0.00193
               -10.1,              -0.0021
                 -10,             -0.00227
                -9.9,             -0.00246
                -9.8,             -0.00266
                -9.7,             -0.00289
                -9.6,             -0.00313
                -9.5,             -0.00339
                -9.4,             -0.00367
                -9.3,             -0.00397
                -9.2,             -0.00431
                -9.1,             -0.00466
                  -9,             -0.00505
                -8.9,             -0.00547
                -8.8,             -0.00593
                -8.7,             -0.00642
                -8.6,             -0.00696
                -8.5,             -0.00754
                -8.4,             -0.00817
                -8.3,             -0.00885
                -8.2,             -0.00958
                -8.1,              -0.0104
                  -8,              -0.0112
                -7.9,              -0.0122
                -7.8,              -0.0132
                -7.7,              -0.0143
                -7.6,              -0.0155
                -7.5,              -0.0168
                -7.4,              -0.0182
                -7.3,              -0.0197
                -7.2,              -0.0213
                -7.1,              -0.0231
                  -7,               -0.025
                -6.9,              -0.0271
                -6.8,              -0.0294
                -6.7,              -0.0318
                -6.6,              -0.0345
                -6.5,              -0.0373
                -6.4,              -0.0405
                -6.3,              -0.0438
                -6.2,              -0.0475
                -6.1,              -0.0514
                  -6,              -0.0557
                -5.9,              -0.0604
                -5.8,              -0.0654
                -5.7,              -0.0708
                -5.6,              -0.0767
                -5.5,              -0.0831
                -5.4,                -0.09
                -5.3,              -0.0975
                -5.2,               -0.106
                -5.1,               -0.114
                  -5,               -0.124
                -4.9,               -0.133
                -4.8,               -0.143
                -4.7,               -0.152
                -4.6,               -0.161
                -4.5,                -0.17
                -4.4,               -0.179
                -4.3,               -0.188
                -4.2,               -0.197
                -4.1,               -0.206
                  -4,               -0.214
                -3.9,               -0.222
                -3.8,               -0.231
                -3.7,               -0.239
                -3.6,               -0.247
                -3.5,               -0.254
                -3.4,               -0.262
                -3.3,                -0.27
                -3.2,               -0.277
                -3.1,               -0.284
                  -3,               -0.291
                -2.9,               -0.298
                -2.8,               -0.304
                -2.7,                -0.31
                -2.6,               -0.317
                -2.5,               -0.323
                -2.4,               -0.328
                -2.3,               -0.334
                -2.2,               -0.339
                -2.1,               -0.344
                  -2,               -0.349
                -1.9,               -0.354
                -1.8,               -0.358
                -1.7,               -0.363
                -1.6,               -0.367
                -1.5,               -0.371
                -1.4,               -0.374
                -1.3,               -0.377
                -1.2,                -0.38
                -1.1,               -0.383
                  -1,               -0.386
                -0.9,               -0.388
                -0.8,                -0.39
                -0.7,               -0.392
                -0.6,               -0.394
                -0.5,               -0.395
                -0.4,               -0.396
                -0.3,               -0.397
                -0.2,               -0.398
                -0.1,               -0.398
            2.28e-13,               -0.398
                 0.1,               -0.398
                 0.2,               -0.398
                 0.3,               -0.397
                 0.4,               -0.396
                 0.5,               -0.395
                 0.6,               -0.394
                 0.7,               -0.392
                 0.8,                -0.39
                 0.9,               -0.388
                   1,               -0.386
                 1.1,               -0.383
                 1.2,                -0.38
                 1.3,               -0.377
                 1.4,               -0.374
                 1.5,               -0.371
                 1.6,               -0.367
                 1.7,               -0.363
                 1.8,               -0.358
                 1.9,               -0.354
                   2,               -0.349
                 2.1,               -0.344
                 2.2,               -0.339
                 2.3,               -0.334
                 2.4,               -0.328
                 2.5,               -0.323
                 2.6,               -0.317
                 2.7,                -0.31
                 2.8,               -0.304
                 2.9,               -0.298
                   3,               -0.291
                 3.1,               -0.284
                 3.2,               -0.277
                 3.3,                -0.27
                 3.4,               -0.262
                 3.5,               -0.254
                 3.6,               -0.247
                 3.7,               -0.239
                 3.8,               -0.231
                 3.9,               -0.222
                   4,               -0.214
                 4.1,               -0.206
                 4.2,               -0.197
                 4.3,               -0.188
                 4.4,               -0.179
                 4.5,                -0.17
                 4.6,               -0.161
                 4.7,               -0.152
                 4.8,               -0.143
                 4.9,               -0.133
                   5,               -0.124
                 5.1,               -0.114
                 5.2,               -0.106
                 5.3,              -0.0975
                 5.4,                -0.09
                 5.5,              -0.0831
                 5.6,              -0.0767
                 5.7,              -0.0708
                 5.8,              -0.0654
                 5.9,              -0.0604
                   6,              -0.0557
                 6.1,              -0.0514
                 6.2,              -0.0475
                 6.3,              -0.0438
                 6.4,              -0.0405
                 6.5,              -0.0373
                 6.6,              -0.0345
                 6.7,              -0.0318
                 6.8,              -0.0294
                 6.9,              -0.0271
                   7,               -0.025
                 7.1,              -0.0231
                 7.2,              -0.0213
                 7.3,              -0.0197
                 7.4,              -0.0182
                 7.5,              -0.0168
                 7.6,              -0.0155
                 7.7,              -0.0143
                 7.8,              -0.0132
                 7.9,              -0.0122
                   8,              -0.0112
                 8.1,              -0.0104
                 8.2,             -0.00958
                 8.3,             -0.00885
                 8.4,             -0.00817
                 8.5,             -0.00754
                 8.6,             -0.00696
                 8.7,             -0.00642
                 8.8,             -0.00593
                 8.9,             -0.00547
                   9,             -0.00505
                 9.1,             -0.00466
                 9.2,             -0.00431
                 9.3,             -0.00397
                 9.4,             -0.00367
                 9.5,             -0.00339
                 9.6,             -0.00313
                 9.7,             -0.00289
                 9.8,             -0.00266
                 9.9,             -0.00246
                  10,             -0.00227
                10.1,              -0.0021
                10.2,             -0.00193
                10.3,             -0.00179
                10.4,             -0.00165
                10.5,             -0.00152
                10.6,              -0.0014
                10.7,              -0.0013
                10.8,              -0.0012
                10.9,              -0.0011
                  11,             -0.00102
                11.1,            -0.000942
                11.2,            -0.000869
                11.3,            -0.000802
                11.4,            -0.000741
                11.5,            -0.000684
                11.6,            -0.000631
                11.7,            -0.000583
                11.8,            -0.000538
                11.9,            -0.000496
                  12,            -0.000458
                12.1,            -0.000423
                12.2,            -0.000391
                12.3,             -0.00036
                12.4,            -0.000333
                12.5,            -0.000307
                12.6,            -0.000284
                12.7,            -0.000262
                12.8,            -0.000242
                12.9,            -0.000223
                  13,            -0.000206
                13.1,             -0.00019
                13.2,            -0.000175
                13.3,            -0.000162
                13.4,             -0.00015
                13.5,            -0.000138
                13.6,            -0.000127
                13.7,            -0.000118
                13.8,            -0.000109
                13.9,              -0.0001
                  14,            -9.25e-05
                14.1,            -8.54e-05
                14.2,            -7.88e-05
                14.3,            -7.28e-05
                14.4,            -6.72e-05
                14.5,             -6.2e-05
                14.6,            -5.72e-05
                14.7,            -5.28e-05
                14.8,            -4.88e-05
                14.9,             -4.5e-05
                  15,            -4.16e-05
                15.1,            -3.84e-05
                15.2,            -3.54e-05
                15.3,            -3.27e-05
                15.4,            -3.02e-05
                15.5,            -2.79e-05
                15.6,            -2.57e-05
                15.7,            -2.37e-05
                15.8,            -2.19e-05
                15.9,            -2.02e-05
                  16,            -1.87e-05
                16.1,            -1.72e-05
                16.2,            -1.59e-05
                16.3,            -1.47e-05
                16.4,            -1.36e-05
                16.5,            -1.25e-05
                16.6,            -1.16e-05
                16.7,            -1.07e-05
                16.8,            -9.85e-06
                16.9,            -9.09e-06
                  17,            -8.39e-06
                17.1,            -7.74e-06
                17.2,            -7.15e-06
                17.3,             -6.6e-06
                17.4,            -6.09e-06
                17.5,            -5.62e-06
                17.6,            -5.19e-06
                17.7,            -4.79e-06
                17.8,            -4.42e-06
                17.9,            -4.08e-06
                  18,            -3.77e-06
                18.1,            -3.48e-06
                18.2,            -3.21e-06
                18.3,            -2.97e-06
                18.4,            -2.74e-06
                18.5,            -2.53e-06
                18.6,            -2.33e-06
                18.7,            -2.15e-06
                18.8,            -1.99e-06
                18.9,            -1.83e-06
                  19,            -1.69e-06
                19.1,            -1.56e-06
                19.2,            -1.44e-06
                19.3,            -1.33e-06
                19.4,            -1.23e-06
                19.5,            -1.14e-06
                19.6,            -1.05e-06
                19.7,            -9.67e-07
                19.8,            -8.93e-07
                19.9,            -8.24e-07
                  20,            -7.61e-07
                20.1,            -7.02e-07
                20.2,            -6.48e-07
                20.3,            -5.99e-07
                20.4,            -5.53e-07
                20.5,             -5.1e-07
                20.6,            -4.71e-07
                20.7,            -4.35e-07
                20.8,            -4.01e-07
                20.9,             -3.7e-07
                  21,            -3.42e-07
                21.1,            -3.16e-07
                21.2,            -2.91e-07
                21.3,            -2.69e-07
                21.4,            -2.48e-07
                21.5,            -2.29e-07
                21.6,            -2.12e-07
                21.7,            -1.95e-07
                21.8,             -1.8e-07
                21.9,            -1.66e-07
                  22,            -1.54e-07
                22.1,            -1.42e-07
                22.2,            -1.31e-07
                22.3,            -1.21e-07
                22.4,            -1.12e-07
                22.5,            -1.03e-07
                22.6,             -9.5e-08
                22.7,            -8.77e-08
                22.8,             -8.1e-08
                22.9,            -7.47e-08
                  23,             -6.9e-08
                23.1,            -6.37e-08
                23.2,            -5.88e-08
                23.3,            -5.43e-08
                23.4,            -5.01e-08
                23.5,            -4.62e-08
                23.6,            -4.27e-08
                23.7,            -3.94e-08
                23.8,            -3.64e-08
                23.9,            -3.36e-08
                  24,             -3.1e-08
                24.1,            -2.86e-08
                24.2,            -2.64e-08
                24.3,            -2.44e-08
                24.4,            -2.25e-08
                24.5,            -2.08e-08
                24.6,            -1.92e-08
                24.7,            -1.77e-08
                24.8,            -1.63e-08
                24.9,            -1.51e-08
                  25,            -1.39e-08
                25.1,            -1.29e-08
                25.2,            -1.19e-08
                25.3,             -1.1e-08
                25.4,            -1.01e-08
                25.5,            -9.34e-09
                25.6,            -8.62e-09
                25.7,            -7.96e-09
                25.8,            -7.35e-09
                25.9,            -6.78e-09
                  26,            -6.26e-09
                26.1,            -5.78e-09
                26.2,            -5.34e-09
                26.3,            -4.93e-09
                26.4,            -4.55e-09
                26.5,             -4.2e-09
                26.6,            -3.87e-09
                26.7,            -3.58e-09
                26.8,             -3.3e-09
                26.9,            -3.05e-09
                  27,            -2.81e-09
                27.1,             -2.6e-09
                27.2,             -2.4e-09
                27.3,            -2.21e-09
                27.4,            -2.04e-09
                27.5,            -1.88e-09
                27.6,            -1.74e-09
                27.7,             -1.6e-09
                27.8,            -1.48e-09
                27.9,            -1.36e-09
                  28,            -1.26e-09
                28.1,            -1.16e-09
                28.2,            -1.07e-09
                28.3,            -9.88e-10
                28.4,             -9.1e-10
                28.5,            -8.39e-10
                28.6,            -7.74e-10
                28.7,            -7.13e-10
                28.8,            -6.57e-10
                28.9,            -6.06e-10
                  29,            -5.58e-10
                29.1,            -5.14e-10
                29.2,            -4.74e-10
                29.3,            -4.37e-10
                29.4,            -4.02e-10
                29.5,            -3.71e-10
                29.6,            -3.43e-10
                29.7,            -3.17e-10
                29.8,            -2.93e-10
                29.9,            -2.71e-10
                  30,            -2.51e-10
                30.1,            -2.32e-10
                30.2,            -2.15e-10
                30.3,            -1.98e-10
                30.4,            -1.83e-10
                30.5,            -1.69e-10
                30.6,            -1.56e-10
                30.7,            -1.43e-10
                30.8,            -1.32e-10
                30.9,            -1.21e-10
                  31,            -1.12e-10
                31.1,            -1.03e-10
                31.2,            -9.49e-11
                31.3,            -8.73e-11
                31.4,            -8.02e-11
                31.5,            -7.34e-11
                31.6,            -6.68e-11
                31.7,            -6.08e-11
                31.8,            -5.57e-11
                31.9,            -5.06e-11
                  32,             -4.6e-11
                32.1,            -4.16e-11
                32.2,            -3.87e-11
                32.3,             -3.6e-11
                32.4,            -3.39e-11
                32.5,            -3.21e-11
                32.6,            -3.05e-11
                32.7,            -2.95e-11
                32.8,            -2.88e-11
                32.9,            -2.85e-11
                  33,            -2.84e-11
                33.1,            -2.81e-11
                33.2,            -2.78e-11
                33.3,            -2.72e-11
                33.4,            -2.68e-11
                33.5,            -2.61e-11
                33.6,             -2.6e-11
                33.7,            -2.61e-11
                33.8,            -2.63e-11
                33.9,            -2.68e-11
                  34,            -2.74e-11
                34.1,            -2.79e-11
                34.2,            -2.87e-11
                34.3,            -2.93e-11
                34.4,            -3.05e-11
                34.5,            -3.15e-11
                34.6,            -3.26e-11
                34.7,            -3.34e-11
                34.8,            -3.41e-11
                34.9,            -3.46e-11
                  35,            -3.49e-11

------------------------------------------------------------
 Potential Energy
------------------------------------------------------------
, Potential Energy (eV)
                 -35,                  0.4
               -34.9,                  0.4
               -34.8,                  0.4
               -34.7,                  0.4
               -34.6,                  0.4
               -34.5,                  0.4
               -34.4,                  0.4
               -34.3,                  0.4
               -34.2,                  0.4
               -34.1,                  0.4
                 -34,                  0.4
               -33.9,                  0.4
               -33.8,                  0.4
               -33.7,                  0.4
               -33.6,                  0.4
               -33.5,                  0.4
               -33.4,                  0.4
               -33.3,                  0.4
               -33.2,                  0.4
               -33.1,                  0.4
                 -33,                  0.4
               -32.9,                  0.4
               -32.8,                  0.4
               -32.7,                  0.4
               -32.6,                  0.4
               -32.5,                  0.4
               -32.4,                  0.4
               -32.3,                  0.4
               -32.2,                  0.4
               -32.1,                  0.4
                 -32,                  0.4
               -31.9,                  0.4
               -31.8,                  0.4
               -31.7,                  0.4
               -31.6,                  0.4
               -31.5,                  0.4
               -31.4,                  0.4
               -31.3,                  0.4
               -31.2,                  0.4
               -31.1,                  0.4
                 -31,                  0.4
               -30.9,                  0.4
               -30.8,                  0.4
               -30.7,                  0.4
               -30.6,                  0.4
               -30.5,                  0.4
               -30.4,                  0.4
               -30.3,                  0.4
               -30.2,                  0.4
               -30.1,                  0.4
                 -30,                  0.4
               -29.9,                  0.4
               -29.8,                  0.4
               -29.7,                  0.4
               -29.6,                  0.4
               -29.5,                  0.4
               -29.4,                  0.4
               -29.3,                  0.4
               -29.2,                  0.4
               -29.1,                  0.4
                 -29,                  0.4
               -28.9,                  0.4
               -28.8,                  0.4
               -28.7,                  0.4
               -28.6,                  0.4
               -28.5,                  0.4
               -28.4,                  0.4
               -28.3,                  0.4
               -28.2,                  0.4
               -28.1,                  0.4
                 -28,                  0.4
               -27.9,                  0.4
               -27.8,                  0.4
               -27.7,                  0.4
               -27.6,                  0.4
               -27.5,                  0.4
               -27.4,                  0.4
               -27.3,                  0.4
               -27.2,                  0.4
               -27.1,                  0.4
                 -27,                  0.4
               -26.9,                  0.4
               -26.8,                  0.4
               -26.7,                  0.4
               -26.6,                  0.4
               -26.5,                  0.4
               -26.4,                  0.4
               -26.3,                  0.4
               -26.2,                  0.4
               -26.1,                  0.4
                 -26,                  0.4
               -25.9,                  0.4
               -25.8,                  0.4
               -25.7,                  0.4
               -25.6,                  0.4
               -25.5,                  0.4
               -25.4,                  0.4
               -25.3,                  0.4
               -25.2,                  0.4
               -25.1,                  0.4
                 -25,                  0.4
               -24.9,                  0.4
               -24.8,                  0.4
               -24.7,                  0.4
               -24.6,                  0.4
               -24.5,                  0.4
               -24.4,                  0.4
               -24.3,                  0.4
               -24.2,                  0.4
               -24.1,                  0.4
                 -24,                  0.4
               -23.9,                  0.4
               -23.8,                  0.4
               -23.7,                  0.4
               -23.6,                  0.4
               -23.5,                  0.4
               -23.4,                  0.4
               -23.3,                  0.4
               -23.2,                  0.4
               -23.1,                  0.4
                 -23,                  0.4
               -22.9,                  0.4
               -22.8,                  0.4
               -22.7,                  0.4
               -22.6,                  0.4
               -22.5,                  0.4
               -22.4,                  0.4
               -22.3,                  0.4
               -22.2,                  0.4
               -22.1,                  0.4
                 -22,                  0.4
               -21.9,                  0.4
               -21.8,                  0.4
               -21.7,                  0.4
               -21.6,                  0.4
               -21.5,                  0.4
               -21.4,                  0.4
               -21.3,                  0.4
               -21.2,                  0.4
               -21.1,                  0.4
                 -21,                  0.4
               -20.9,                  0.4
               -20.8,                  0.4
               -20.7,                  0.4
               -20.6,                  0.4
               -20.5,                  0.4
               -20.4,                  0.4
               -20.3,                  0.4
               -20.2,                  0.4
               -20.1,                  0.4
                 -20,                  0.4
               -19.9,                  0.4
               -19.8,                  0.4
               -19.7,                  0.4
               -19.6,                  0.4
               -19.5,                  0.4
               -19.4,                  0.4
               -19.3,                  0.4
               -19.2,                  0.4
               -19.1,                  0.4
                 -19,                  0.4
               -18.9,                  0.4
               -18.8,                  0.4
               -18.7,                  0.4
               -18.6,                  0.4
               -18.5,                  0.4
               -18.4,                  0.4
               -18.3,                  0.4
               -18.2,                  0.4
               -18.1,                  0.4
                 -18,                  0.4
               -17.9,                  0.4
               -17.8,                  0.4
               -17.7,                  0.4
               -17.6,                  0.4
               -17.5,                  0.4
               -17.4,                  0.4
               -17.3,                  0.4
               -17.2,                  0.4
               -17.1,                  0.4
                 -17,                  0.4
               -16.9,                  0.4
               -16.8,                  0.4
               -16.7,                  0.4
               -16.6,                  0.4
               -16.5,                  0.4
               -16.4,                  0.4
               -16.3,                  0.4
               -16.2,                  0.4
               -16.1,                  0.4
                 -16,                  0.4
               -15.9,                  0.4
               -15.8,                  0.4
               -15.7,                  0.4
               -15.6,                  0.4
               -15.5,                  0.4
               -15.4,                  0.4
               -15.3,                  0.4
               -15.2,                  0.4
               -15.1,                  0.4
                 -15,                  0.4
               -14.9,                  0.4
               -14.8,                  0.4
               -14.7,                  0.4
               -14.6,                  0.4
               -14.5,                  0.4
               -14.4,                  0.4
               -14.3,                  0.4
               -14.2,                  0.4
               -14.1,                  0.4
                 -14,                  0.4
               -13.9,                  0.4
               -13.8,                  0.4
               -13.7,                  0.4
               -13.6,                  0.4
               -13.5,                  0.4
               -13.4,                  0.4
               -13.3,                  0.4
               -13.2,                  0.4
               -13.1,                  0.4
                 -13,                  0.4
               -12.9,                  0.4
               -12.8,                  0.4
               -12.7,                  0.4
               -12.6,                  0.4
               -12.5,                  0.4
               -12.4,                  0.4
               -12.3,                  0.4
               -12.2,                  0.4
               -12.1,                  0.4
                 -12,                  0.4
               -11.9,                  0.4
               -11.8,                  0.4
               -11.7,                  0.4
               -11.6,                  0.4
               -11.5,                  0.4
               -11.4,                  0.4
               -11.3,                  0.4
               -11.2,                  0.4
               -11.1,                  0.4
                 -11,                  0.4
               -10.9,                  0.4
               -10.8,                  0.4
               -10.7,                  0.4
               -10.6,                  0.4
               -10.5,                  0.4
               -10.4,                  0.4
               -10.3,                  0.4
               -10.2,                  0.4
               -10.1,                  0.4
                 -10,                  0.4
                -9.9,                  0.4
                -9.8,                  0.4
                -9.7,                  0.4
                -9.6,                  0.4
                -9.5,                  0.4
                -9.4,                  0.4
                -9.3,                  0.4
                -9.2,                  0.4
                -9.1,                  0.4
                  -9,                  0.4
                -8.9,                  0.4
                -8.8,                  0.4
                -8.7,                  0.4
                -8.6,                  0.4
                -8.5,                  0.4
                -8.4,                  0.4
                -8.3,                  0.4
                -8.2,                  0.4
                -8.1,                  0.4
                  -8,                  0.4
                -7.9,                  0.4
                -7.8,                  0.4
                -7.7,                  0.4
                -7.6,                  0.4
                -7.5,                  0.4
                -7.4,                  0.4
                -7.3,                  0.4
                -7.2,                  0.4
                -7.1,                  0.4
                  -7,                  0.4
                -6.9,                  0.4
                -6.8,                  0.4
                -6.7,                  0.4
                -6.6,                  0.4
                -6.5,                  0.4
                -6.4,                  0.4
                -6.3,                  0.4
                -6.2,                  0.4
                -6.1,                  0.4
                  -6,                  0.4
                -5.9,                  0.4
                -5.8,                  0.4
                -5.7,                  0.4
                -5.6,                  0.4
                -5.5,                  0.4
                -5.4,                  0.4
                -5.3,                  0.4
                -5.2,                  0.4
                -5.1,                  0.4
                  -5,                    0
                -4.9,                    0
                -4.8,                    0
                -4.7,                    0
                -4.6,                    0
                -4.5,                    0
                -4.4,                    0
                -4.3,                    0
                -4.2,                    0
                -4.1,                    0
                  -4,                    0
                -3.9,                    0
                -3.8,                    0
                -3.7,                    0
                -3.6,                    0
                -3.5,                    0
                -3.4,                    0
                -3.3,                    0
                -3.2,                    0
                -3.1,                    0
                  -3,                    0
                -2.9,                    0
                -2.8,                    0
                -2.7,                    0
                -2.6,                    0
                -2.5,                    0
                -2.4,                    0
                -2.3,                    0
                -2.2,                    0
                -2.1,                    0
                  -2,                    0
                -1.9,                    0
                -1.8,                    0
                -1.7,                    0
                -1.6,                    0
                -1.5,                    0
                -1.4,                    0
                -1.3,                    0
                -1.2,                    0
                -1.1,                    0
                  -1,                    0
                -0.9,                    0
                -0.8,                    0
                -0.7,                    0
                -0.6,                    0
                -0.5,                    0
                -0.4,                    0
                -0.3,                    0
                -0.2,                    0
                -0.1,                    0
            2.28e-13,                    0
                 0.1,                    0
                 0.2,                    0
                 0.3,                    0
                 0.4,                    0
                 0.5,                    0
                 0.6,                    0
                 0.7,                    0
                 0.8,                    0
                 0.9,                    0
                   1,                    0
                 1.1,                    0
                 1.2,                    0
                 1.3,                    0
                 1.4,                    0
                 1.5,                    0
                 1.6,                    0
                 1.7,                    0
                 1.8,                    0
                 1.9,                    0
                   2,                    0
                 2.1,                    0
                 2.2,                    0
                 2.3,                    0
                 2.4,                    0
                 2.5,                    0
                 2.6,                    0
                 2.7,                    0
                 2.8,                    0
                 2.9,                    0
                   3,                    0
                 3.1,                    0
                 3.2,                    0
                 3.3,                    0
                 3.4,                    0
                 3.5,                    0
                 3.6,                    0
                 3.7,                    0
                 3.8,                    0
                 3.9,                    0
                   4,                    0
                 4.1,                    0
                 4.2,                    0
                 4.3,                    0
                 4.4,                    0
                 4.5,                    0
                 4.6,                    0
                 4.7,                    0
                 4.8,                    0
                 4.9,                    0
                   5,                    0
                 5.1,                  0.4
                 5.2,                  0.4
                 5.3,                  0.4
                 5.4,                  0.4
                 5.5,                  0.4
                 5.6,                  0.4
                 5.7,                  0.4
                 5.8,                  0.4
                 5.9,                  0.4
                   6,                  0.4
                 6.1,                  0.4
                 6.2,                  0.4
                 6.3,                  0.4
                 6.4,                  0.4
                 6.5,                  0.4
                 6.6,                  0.4
                 6.7,                  0.4
                 6.8,                  0.4
                 6.9,                  0.4
                   7,                  0.4
                 7.1,                  0.4
                 7.2,                  0.4
                 7.3,                  0.4
                 7.4,                  0.4
                 7.5,                  0.4
                 7.6,                  0.4
                 7.7,                  0.4
                 7.8,                  0.4
                 7.9,                  0.4
                   8,                  0.4
                 8.1,                  0.4
                 8.2,                  0.4
                 8.3,                  0.4
                 8.4,                  0.4
                 8.5,                  0.4
                 8.6,                  0.4
                 8.7,                  0.4
                 8.8,                  0.4
                 8.9,                  0.4
                   9,                  0.4
                 9.1,                  0.4
                 9.2,                  0.4
                 9.3,                  0.4
                 9.4,                  0.4
                 9.5,                  0.4
                 9.6,                  0.4
                 9.7,                  0.4
                 9.8,                  0.4
                 9.9,                  0.4
                  10,                  0.4
                10.1,                  0.4
                10.2,                  0.4
                10.3,                  0.4
                10.4,                  0.4
                10.5,                  0.4
                10.6,                  0.4
                10.7,                  0.4
                10.8,                  0.4
                10.9,                  0.4
                  11,                  0.4
                11.1,                  0.4
                11.2,                  0.4
                11.3,                  0.4
                11.4,                  0.4
                11.5,                  0.4
                11.6,                  0.4
                11.7,                  0.4
                11.8,                  0.4
                11.9,                  0.4
                  12,                  0.4
                12.1,                  0.4
                12.2,                  0.4
                12.3,                  0.4
                12.4,                  0.4
                12.5,                  0.4
                12.6,                  0.4
                12.7,                  0.4
                12.8,                  0.4
                12.9,                  0.4
                  13,                  0.4
                13.1,                  0.4
                13.2,                  0.4
                13.3,                  0.4
                13.4,                  0.4
                13.5,                  0.4
                13.6,                  0.4
                13.7,                  0.4
                13.8,                  0.4
                13.9,                  0.4
                  14,                  0.4
                14.1,                  0.4
                14.2,                  0.4
                14.3,                  0.4
                14.4,                  0.4
                14.5,                  0.4
                14.6,                  0.4
                14.7,                  0.4
                14.8,                  0.4
                14.9,                  0.4
                  15,                  0.4
                15.1,                  0.4
                15.2,                  0.4
                15.3,                  0.4
                15.4,                  0.4
                15.5,                  0.4
                15.6,                  0.4
                15.7,                  0.4
                15.8,                  0.4
                15.9,                  0.4
                  16,                  0.4
                16.1,                  0.4
                16.2,                  0.4
                16.3,                  0.4
                16.4,                  0.4
                16.5,                  0.4
                16.6,                  0.4
                16.7,                  0.4
                16.8,                  0.4
                16.9,                  0.4
                  17,                  0.4
                17.1,                  0.4
                17.2,                  0.4
                17.3,                  0.4
                17.4,                  0.4
                17.5,                  0.4
                17.6,                  0.4
                17.7,                  0.4
                17.8,                  0.4
                17.9,                  0.4
                  18,                  0.4
                18.1,                  0.4
                18.2,                  0.4
                18.3,                  0.4
                18.4,                  0.4
                18.5,                  0.4
                18.6,                  0.4
                18.7,                  0.4
                18.8,                  0.4
                18.9,                  0.4
                  19,                  0.4
                19.1,                  0.4
                19.2,                  0.4
                19.3,                  0.4
                19.4,                  0.4
                19.5,                  0.4
                19.6,                  0.4
                19.7,                  0.4
                19.8,                  0.4
                19.9,                  0.4
                  20,                  0.4
                20.1,                  0.4
                20.2,                  0.4
                20.3,                  0.4
                20.4,                  0.4
                20.5,                  0.4
                20.6,                  0.4
                20.7,                  0.4
                20.8,                  0.4
                20.9,                  0.4
                  21,                  0.4
                21.1,                  0.4
                21.2,                  0.4
                21.3,                  0.4
                21.4,                  0.4
                21.5,                  0.4
                21.6,                  0.4
                21.7,                  0.4
                21.8,                  0.4
                21.9,                  0.4
                  22,                  0.4
                22.1,                  0.4
                22.2,                  0.4
                22.3,                  0.4
                22.4,                  0.4
                22.5,                  0.4
                22.6,                  0.4
                22.7,                  0.4
                22.8,                  0.4
                22.9,                  0.4
                  23,                  0.4
                23.1,                  0.4
                23.2,                  0.4
                23.3,                  0.4
                23.4,                  0.4
                23.5,                  0.4
                23.6,                  0.4
                23.7,                  0.4
                23.8,                  0.4
                23.9,                  0.4
                  24,                  0.4
                24.1,                  0.4
                24.2,                  0.4
                24.3,                  0.4
                24.4,                  0.4
                24.5,                  0.4
                24.6,                  0.4
                24.7,                  0.4
                24.8,                  0.4
                24.9,                  0.4
                  25,                  0.4
                25.1,                  0.4
                25.2,                  0.4
                25.3,                  0.4
                25.4,                  0.4
                25.5,                  0.4
                25.6,                  0.4
                25.7,                  0.4
                25.8,                  0.4
                25.9,                  0.4
                  26,                  0.4
                26.1,                  0.4
                26.2,                  0.4
                26.3,                  0.4
                26.4,                  0.4
                26.5,                  0.4
                26.6,                  0.4
                26.7,                  0.4
                26.8,                  0.4
                26.9,                  0.4
                  27,                  0.4
                27.1,                  0.4
                27.2,                  0.4
                27.3,                  0.4
                27.4,                  0.4
                27.5,                  0.4
                27.6,                  0.4
                27.7,                  0.4
                27.8,                  0.4
                27.9,                  0.4
                  28,                  0.4
                28.1,                  0.4
                28.2,                  0.4
                28.3,                  0.4
                28.4,                  0.4
                28.5,                  0.4
                28.6,                  0.4
                28.7,                  0.4
                28.8,                  0.4
                28.9,                  0.4
                  29,                  0.4
                29.1,                  0.4
                29.2,                  0.4
                29.3,                  0.4
                29.4,                  0.4
                29.5,                  0.4
                29.6,                  0.4
                29.7,                  0.4
                29.8,                  0.4
                29.9,                  0.4
                  30,                  0.4
                30.1,                  0.4
                30.2,                  0.4
                30.3,                  0.4
                30.4,                  0.4
                30.5,                  0.4
                30.6,                  0.4
                30.7,                  0.4
                30.8,                  0.4
                30.9,                  0.4
                  31,                  0.4
                31.1,                  0.4
                31.2,                  0.4
                31.3,                  0.4
                31.4,                  0.4
                31.5,                  0.4
                31.6,                  0.4
                31.7,                  0.4
                31.8,                  0.4
                31.9,                  0.4
                  32,                  0.4
                32.1,                  0.4
                32.2,                  0.4
                32.3,                  0.4
                32.4,                  0.4
                32.5,                  0.4
                32.6,                  0.4
                32.7,                  0.4
                32.8,                  0.4
                32.9,                  0.4
                  33,                  0.4
                33.1,                  0.4
                33.2,                  0.4
                33.3,                  0.4
                33.4,                  0.4
                33.5,                  0.4
                33.6,                  0.4
                33.7,                  0.4
                33.8,                  0.4
                33.9,                  0.4
                  34,                  0.4
                34.1,                  0.4
                34.2,                  0.4
                34.3,                  0.4
                34.4,                  0.4
                34.5,                  0.4
                34.6,                  0.4
                34.7,                  0.4
                34.8,                  0.4
                34.9,                  0.4
                  35,                  0.4

