------------------------------------------------------------
 Wavefunction  1
------------------------------------------------------------
Distance (nm), Wavefunction (arbitrary units)
                 -35,             3.28e-14
               -34.9,             2.87e-14
               -34.8,             2.69e-14
               -34.7,             2.48e-14
               -34.6,             1.79e-14
               -34.5,             1.06e-14
               -34.4,             5.01e-15
               -34.3,            -3.02e-15
               -34.2,            -6.84e-15
               -34.1,            -7.67e-15
                 -34,            -8.96e-15
               -33.9,            -8.28e-15
               -33.8,            -2.96e-15
               -33.7,             1.28e-15
               -33.6,            -4.98e-15
               -33.5,            -4.09e-15
               -33.4,            -4.87e-15
               -33.3,            -2.26e-15
               -33.2,             3.79e-16
               -33.1,             3.01e-15
                 -33,            -5.52e-15
               -32.9,            -1.06e-14
               -32.8,            -7.51e-15
               -32.7,            -5.52e-15
               -32.6,            -4.32e-15
               -32.5,             -8.4e-15
               -32.4,            -9.67e-15
               -32.3,             -5.5e-15
               -32.2,             1.65e-15
               -32.1,             4.06e-15
                 -32,             4.02e-15
               -31.9,              7.3e-15
               -31.8,             1.02e-14
               -31.7,             1.25e-14
               -31.6,             1.62e-14
               -31.5,             1.64e-14
               -31.4,             1.47e-14
               -31.3,             1.12e-14
               -31.2,             1.19e-14
               -31.1,             7.23e-15
                 -31,             3.72e-16
               -30.9,            -3.92e-15
               -30.8,            -5.01e-15
               -30.7,            -9.01e-15
               -30.6,            -1.88e-14
               -30.5,            -2.15e-14
               -30.4,            -1.53e-14
               -30.3,            -1.29e-14
               -30.2,            -7.64e-15
               -30.1,            -5.61e-16
                 -30,             5.85e-15
               -29.9,             1.86e-14
               -29.8,             2.21e-14
               -29.7,             2.37e-14
               -29.6,             2.97e-14
               -29.5,             2.81e-14
               -29.4,             3.17e-14
               -29.3,              3.6e-14
               -29.2,              3.1e-14
               -29.1,             2.88e-14
                 -29,             3.18e-14
               -28.9,             3.47e-14
               -28.8,             3.66e-14
               -28.7,             3.97e-14
               -28.6,             4.78e-14
               -28.5,             5.24e-14
               -28.4,             5.54e-14
               -28.3,             5.51e-14
               -28.2,             5.58e-14
               -28.1,             4.98e-14
                 -28,             4.05e-14
               -27.9,             3.62e-14
               -27.8,             2.96e-14
               -27.7,             1.78e-14
               -27.6,             1.89e-15
               -27.5,               -1e-14
               -27.4,            -1.99e-14
               -27.3,            -3.14e-14
               -27.2,            -3.89e-14
               -27.1,            -4.16e-14
                 -27,            -3.13e-14
               -26.9,            -1.85e-14
               -26.8,            -1.17e-14
               -26.7,            -8.76e-15
               -26.6,            -4.31e-15
               -26.5,             2.64e-15
               -26.4,             1.19e-15
               -26.3,             5.86e-15
               -26.2,              8.7e-15
               -26.1,             8.05e-15
                 -26,             7.18e-15
               -25.9,              7.6e-15
               -25.8,             8.61e-15
               -25.7,             1.04e-14
               -25.6,              1.2e-14
               -25.5,             1.31e-14
               -25.4,             1.76e-14
               -25.3,             2.53e-14
               -25.2,             2.38e-14
               -25.1,             1.95e-14
                 -25,             2.03e-14
               -24.9,              1.5e-14
               -24.8,             7.87e-15
               -24.7,             6.06e-15
               -24.6,             5.33e-15
               -24.5,              1.8e-15
               -24.4,             1.67e-15
               -24.3,             1.67e-15
               -24.2,             8.37e-15
               -24.1,             8.05e-15
                 -24,             5.32e-15
               -23.9,             2.74e-15
               -23.8,            -1.35e-15
               -23.7,            -3.65e-15
               -23.6,            -1.22e-14
               -23.5,            -6.85e-15
               -23.4,            -1.68e-15
               -23.3,            -4.51e-16
               -23.2,             1.07e-16
               -23.1,             1.63e-15
                 -23,             -5.3e-15
               -22.9,            -1.08e-14
               -22.8,            -1.03e-14
               -22.7,             -3.8e-15
               -22.6,             3.13e-15
               -22.5,             1.36e-14
               -22.4,              2.5e-14
               -22.3,              3.2e-14
               -22.2,             3.81e-14
               -22.1,              3.5e-14
                 -22,             2.43e-14
               -21.9,             1.35e-14
               -21.8,             8.67e-15
               -21.7,             9.64e-16
               -21.6,            -1.35e-14
               -21.5,            -2.63e-14
               -21.4,            -2.97e-14
               -21.3,            -2.77e-14
               -21.2,            -1.91e-14
               -21.1,            -1.63e-14
                 -21,            -1.51e-14
               -20.9,             -9.9e-15
               -20.8,            -1.45e-15
               -20.7,             3.75e-15
               -20.6,             8.74e-15
               -20.5,             1.83e-14
               -20.4,             3.18e-14
               -20.3,             3.91e-14
               -20.2,             4.24e-14
               -20.1,             4.76e-14
                 -20,             5.19e-14
               -19.9,             5.54e-14
               -19.8,              4.8e-14
               -19.7,             3.77e-14
               -19.6,             3.55e-14
               -19.5,             3.35e-14
               -19.4,             3.12e-14
               -19.3,             2.36e-14
               -19.2,             1.63e-14
               -19.1,             1.55e-14
                 -19,             1.28e-14
               -18.9,             7.44e-15
               -18.8,             5.47e-15
               -18.7,             5.69e-15
               -18.6,             2.33e-15
               -18.5,            -5.17e-15
               -18.4,            -8.44e-15
               -18.3,            -1.23e-14
               -18.2,            -1.37e-14
               -18.1,            -1.41e-14
                 -18,            -1.66e-14
               -17.9,            -1.93e-14
               -17.8,            -2.36e-14
               -17.7,            -2.83e-14
               -17.6,            -3.15e-14
               -17.5,            -2.59e-14
               -17.4,               -2e-14
               -17.3,            -2.34e-14
               -17.2,             -2.9e-14
               -17.1,            -3.39e-14
                 -17,            -4.28e-14
               -16.9,            -5.72e-14
               -16.8,            -7.34e-14
               -16.7,            -9.35e-14
               -16.6,            -1.15e-13
               -16.5,            -1.36e-13
               -16.4,            -1.66e-13
               -16.3,            -2.06e-13
               -16.2,            -2.55e-13
               -16.1,            -3.23e-13
                 -16,            -4.06e-13
               -15.9,            -5.01e-13
               -15.8,            -6.14e-13
               -15.7,            -7.55e-13
               -15.6,            -9.34e-13
               -15.5,            -1.16e-12
               -15.4,            -1.46e-12
               -15.3,            -1.83e-12
               -15.2,             -2.3e-12
               -15.1,            -2.91e-12
                 -15,            -3.66e-12
               -14.9,            -4.62e-12
               -14.8,            -5.84e-12
               -14.7,            -7.37e-12
               -14.6,            -9.31e-12
               -14.5,            -1.18e-11
               -14.4,            -1.49e-11
               -14.3,            -1.88e-11
               -14.2,            -2.38e-11
               -14.1,            -3.01e-11
                 -14,            -3.81e-11
               -13.9,            -4.82e-11
               -13.8,             -6.1e-11
               -13.7,            -7.72e-11
               -13.6,            -9.76e-11
               -13.5,            -1.23e-10
               -13.4,            -1.56e-10
               -13.3,            -1.97e-10
               -13.2,             -2.5e-10
               -13.1,            -3.16e-10
                 -13,               -4e-10
               -12.9,            -5.05e-10
               -12.8,            -6.39e-10
               -12.7,            -8.09e-10
               -12.6,            -1.02e-09
               -12.5,            -1.29e-09
               -12.4,            -1.64e-09
               -12.3,            -2.07e-09
               -12.2,            -2.62e-09
               -12.1,            -3.31e-09
                 -12,            -4.19e-09
               -11.9,             -5.3e-09
               -11.8,             -6.7e-09
               -11.7,            -8.47e-09
               -11.6,            -1.07e-08
               -11.5,            -1.36e-08
               -11.4,            -1.71e-08
               -11.3,            -2.17e-08
               -11.2,            -2.74e-08
               -11.1,            -3.47e-08
                 -11,            -4.39e-08
               -10.9,            -5.55e-08
               -10.8,            -7.02e-08
               -10.7,            -8.88e-08
               -10.6,            -1.12e-07
               -10.5,            -1.42e-07
               -10.4,             -1.8e-07
               -10.3,            -2.27e-07
               -10.2,            -2.87e-07
               -10.1,            -3.64e-07
                 -10,             -4.6e-07
                -9.9,            -5.82e-07
                -9.8,            -7.36e-07
                -9.7,             -9.3e-07
                -9.6,            -1.18e-06
                -9.5,            -1.49e-06
                -9.4,            -1.88e-06
                -9.3,            -2.38e-06
                -9.2,            -3.01e-06
                -9.1,            -3.81e-06
                  -9,            -4.82e-06
                -8.9,            -6.09e-06
                -8.8,            -7.71e-06
                -8.7,            -9.75e-06
                -8.6,            -1.23e-05
                -8.5,            -1.56e-05
                -8.4,            -1.97e-05
                -8.3,             -2.5e-05
                -8.2,            -3.16e-05
                -8.1,            -3.99e-05
                  -8,            -5.05e-05
                -7.9,            -6.39e-05
                -7.8,            -8.08e-05
                -7.7,            -0.000102
                -7.6,            -0.000129
                -7.5,            -0.000163
                -7.4,            -0.000207
                -7.3,            -0.000262
                -7.2,            -0.000331
                -7.1,            -0.000418
                  -7,            -0.000529
                -6.9,            -0.000669
                -6.8,            -0.000847
                -6.7,             -0.00107
                -6.6,             -0.00135
                -6.5,             -0.00171
                -6.4,             -0.00217
                -6.3,             -0.00274
                -6.2,             -0.00347
                -6.1,             -0.00438
                  -6,             -0.00554
                -5.9,             -0.00701
                -5.8,             -0.00887
                -5.7,              -0.0112
                -5.6,              -0.0142
                -5.5,              -0.0179
                -5.4,              -0.0227
                -5.3,              -0.0287
                -5.2,              -0.0363
                -5.1,              -0.0459
                  -5,              -0.0581
                -4.9,              -0.0702
                -4.8,              -0.0823
                -4.7,              -0.0943
                -4.6,               -0.106
                -4.5,               -0.118
                -4.4,                -0.13
                -4.3,               -0.141
                -4.2,               -0.153
                -4.1,               -0.164
                  -4,               -0.176
                -3.9,               -0.187
                -3.8,               -0.198
                -3.7,               -0.208
                -3.6,               -0.219
                -3.5,               -0.229
                -3.4,                -0.24
                -3.3,                -0.25
                -3.2,                -0.26
                -3.1,               -0.269
                  -3,               -0.279
                -2.9,               -0.288
                -2.8,               -0.297
                -2.7,               -0.305
                -2.6,               -0.314
                -2.5,               -0.322
                -2.4,                -0.33
                -2.3,               -0.338
                -2.2,               -0.345
                -2.1,               -0.352
                  -2,               -0.359
                -1.9,               -0.365
                -1.8,               -0.372
                -1.7,               -0.377
                -1.6,               -0.383
                -1.5,               -0.388
                -1.4,               -0.393
                -1.3,               -0.398
                -1.2,               -0.402
                -1.1,               -0.406
                  -1,                -0.41
                -0.9,               -0.413
                -0.8,               -0.416
                -0.7,               -0.419
                -0.6,               -0.421
                -0.5,               -0.423
                -0.4,               -0.424
                -0.3,               -0.426
                -0.2,               -0.427
                -0.1,               -0.427
            2.28e-13,               -0.427
                 0.1,               -0.427
                 0.2,               -0.427
                 0.3,               -0.426
                 0.4,               -0.424
                 0.5,               -0.423
                 0.6,               -0.421
                 0.7,               -0.419
                 0.8,               -0.416
                 0.9,               -0.413
                   1,                -0.41
                 1.1,               -0.406
                 1.2,               -0.402
                 1.3,               -0.398
                 1.4,               -0.393
                 1.5,               -0.388
                 1.6,               -0.383
                 1.7,               -0.377
                 1.8,               -0.372
                 1.9,               -0.365
                   2,               -0.359
                 2.1,               -0.352
                 2.2,               -0.345
                 2.3,               -0.338
                 2.4,                -0.33
                 2.5,               -0.322
                 2.6,               -0.314
                 2.7,               -0.305
                 2.8,               -0.297
                 2.9,               -0.288
                   3,               -0.279
                 3.1,               -0.269
                 3.2,                -0.26
                 3.3,                -0.25
                 3.4,                -0.24
                 3.5,               -0.229
                 3.6,               -0.219
                 3.7,               -0.208
                 3.8,               -0.198
                 3.9,               -0.187
                   4,               -0.176
                 4.1,               -0.164
                 4.2,               -0.153
                 4.3,               -0.141
                 4.4,                -0.13
                 4.5,               -0.118
                 4.6,               -0.106
                 4.7,              -0.0943
                 4.8,              -0.0823
                 4.9,              -0.0702
                   5,              -0.0581
                 5.1,              -0.0459
                 5.2,              -0.0363
                 5.3,              -0.0287
                 5.4,              -0.0227
                 5.5,              -0.0179
                 5.6,              -0.0142
                 5.7,              -0.0112
                 5.8,             -0.00887
                 5.9,             -0.00701
                   6,             -0.00554
                 6.1,             -0.00438
                 6.2,             -0.00347
                 6.3,             -0.00274
                 6.4,             -0.00217
                 6.5,             -0.00171
                 6.6,             -0.00135
                 6.7,             -0.00107
                 6.8,            -0.000847
                 6.9,            -0.000669
                   7,            -0.000529
                 7.1,            -0.000418
                 7.2,            -0.000331
                 7.3,            -0.000262
                 7.4,            -0.000207
                 7.5,            -0.000163
                 7.6,            -0.000129
                 7.7,            -0.000102
                 7.8,            -8.08e-05
                 7.9,            -6.39e-05
                   8,            -5.05e-05
                 8.1,            -3.99e-05
                 8.2,            -3.16e-05
                 8.3,             -2.5e-05
                 8.4,            -1.97e-05
                 8.5,            -1.56e-05
                 8.6,            -1.23e-05
                 8.7,            -9.75e-06
                 8.8,            -7.71e-06
                 8.9,            -6.09e-06
                   9,            -4.82e-06
                 9.1,            -3.81e-06
                 9.2,            -3.01e-06
                 9.3,            -2.38e-06
                 9.4,            -1.88e-06
                 9.5,            -1.49e-06
                 9.6,            -1.18e-06
                 9.7,             -9.3e-07
                 9.8,            -7.36e-07
                 9.9,            -5.82e-07
                  10,             -4.6e-07
                10.1,            -3.64e-07
                10.2,            -2.87e-07
                10.3,            -2.27e-07
                10.4,             -1.8e-07
                10.5,            -1.42e-07
                10.6,            -1.12e-07
                10.7,            -8.88e-08
                10.8,            -7.02e-08
                10.9,            -5.55e-08
                  11,            -4.39e-08
                11.1,            -3.47e-08
                11.2,            -2.74e-08
                11.3,            -2.17e-08
                11.4,            -1.71e-08
                11.5,            -1.36e-08
                11.6,            -1.07e-08
                11.7,            -8.47e-09
                11.8,             -6.7e-09
                11.9,             -5.3e-09
                  12,            -4.19e-09
                12.1,            -3.31e-09
                12.2,            -2.62e-09
                12.3,            -2.07e-09
                12.4,            -1.64e-09
                12.5,            -1.29e-09
                12.6,            -1.02e-09
                12.7,            -8.09e-10
                12.8,            -6.39e-10
                12.9,            -5.05e-10
                  13,               -4e-10
                13.1,            -3.16e-10
                13.2,             -2.5e-10
                13.3,            -1.98e-10
                13.4,            -1.56e-10
                13.5,            -1.23e-10
                13.6,            -9.76e-11
                13.7,            -7.72e-11
                13.8,            -6.11e-11
                13.9,            -4.83e-11
                  14,            -3.82e-11
                14.1,            -3.02e-11
                14.2,            -2.39e-11
                14.3,            -1.89e-11
                14.4,            -1.49e-11
                14.5,            -1.18e-11
                14.6,            -9.33e-12
                14.7,            -7.38e-12
                14.8,            -5.85e-12
                14.9,            -4.64e-12
                  15,            -3.69e-12
                15.1,            -2.93e-12
                15.2,            -2.34e-12
                15.3,            -1.86e-12
                15.4,            -1.48e-12
                15.5,            -1.18e-12
                15.6,            -9.52e-13
                15.7,             -7.7e-13
                15.8,             -6.2e-13
                15.9,            -5.03e-13
                  16,            -4.06e-13
                16.1,            -3.36e-13
                16.2,            -2.81e-13
                16.3,            -2.33e-13
                16.4,            -1.93e-13
                16.5,            -1.63e-13
                16.6,            -1.39e-13
                16.7,            -1.23e-13
                16.8,            -1.08e-13
                16.9,            -9.58e-14
                  17,            -8.19e-14
                17.1,             -6.6e-14
                17.2,            -5.89e-14
                17.3,             -4.4e-14
                17.4,            -3.33e-14
                17.5,            -2.87e-14
                17.6,            -2.39e-14
                17.7,             -1.5e-14
                17.8,            -2.62e-15
                17.9,             2.19e-15
                  18,             6.19e-15
                18.1,             9.91e-15
                18.2,             1.06e-14
                18.3,             1.27e-14
                18.4,             1.38e-14
                18.5,             1.69e-14
                18.6,             1.53e-14
                18.7,              1.3e-14
                18.8,              9.5e-15
                18.9,             7.03e-15
                  19,             9.62e-15
                19.1,             1.83e-14
                19.2,             2.98e-14
                19.3,             3.76e-14
                19.4,             4.17e-14
                19.5,              4.5e-14
                19.6,             4.57e-14
                19.7,             4.92e-14
                19.8,             4.86e-14
                19.9,             4.44e-14
                  20,             3.93e-14
                20.1,             3.62e-14
                20.2,             2.68e-14
                20.3,             2.22e-14
                20.4,             2.11e-14
                20.5,             2.09e-14
                20.6,             2.31e-14
                20.7,              2.9e-14
                20.8,             3.24e-14
                20.9,             3.71e-14
                  21,             3.71e-14
                21.1,             3.45e-14
                21.2,             3.06e-14
                21.3,             2.11e-14
                21.4,             1.21e-14
                21.5,             9.59e-15
                21.6,             7.51e-15
                21.7,             8.57e-15
                21.8,             1.39e-14
                21.9,             1.94e-14
                  22,             2.57e-14
                22.1,             3.31e-14
                22.2,             3.07e-14
                22.3,             2.27e-14
                22.4,             1.54e-14
                22.5,             8.54e-15
                22.6,             9.56e-15
                22.7,             1.51e-14
                22.8,             1.48e-14
                22.9,             1.85e-14
                  23,              1.5e-14
                23.1,             1.42e-14
                23.2,             7.91e-15
                23.3,             5.86e-15
                23.4,             1.79e-15
                23.5,             2.95e-16
                23.6,             2.14e-15
                23.7,             7.92e-15
                23.8,             1.37e-14
                23.9,             1.58e-14
                  24,             1.24e-14
                24.1,             1.41e-14
                24.2,             1.64e-14
                24.3,             1.06e-14
                24.4,             5.09e-15
                24.5,            -4.08e-16
                24.6,             2.81e-15
                24.7,                5e-15
                24.8,             3.39e-15
                24.9,            -1.11e-15
                  25,            -4.56e-15
                25.1,            -9.89e-15
                25.2,            -1.02e-14
                25.3,            -7.86e-15
                25.4,            -7.25e-15
                25.5,            -6.02e-15
                25.6,             -4.9e-15
                25.7,            -4.64e-15
                25.8,            -5.96e-16
                25.9,            -1.03e-15
                  26,              9.4e-16
                26.1,            -5.25e-15
                26.2,            -7.89e-15
                26.3,            -4.69e-15
                26.4,            -2.41e-15
                26.5,            -2.93e-15
                26.6,             6.52e-16
                26.7,             4.63e-15
                26.8,             7.83e-15
                26.9,             9.38e-15
                  27,             6.53e-15
                27.1,             7.33e-15
                27.2,             5.47e-15
                27.3,             1.22e-14
                27.4,             1.23e-14
                27.5,             1.08e-14
                27.6,             7.69e-15
                27.7,             4.51e-15
                27.8,              6.9e-15
                27.9,              6.6e-15
                  28,             1.02e-14
                28.1,             1.36e-14
                28.2,             1.32e-14
                28.3,             9.24e-15
                28.4,             -1.6e-15
                28.5,             -6.9e-15
                28.6,            -1.75e-14
                28.7,            -2.89e-14
                28.8,             -3.7e-14
                28.9,            -3.68e-14
                  29,            -2.93e-14
                29.1,            -1.99e-14
                29.2,            -1.33e-14
                29.3,            -1.15e-14
                29.4,            -1.17e-14
                29.5,            -5.33e-15
                29.6,             1.79e-15
                29.7,              1.4e-14
                29.8,             2.16e-14
                29.9,             2.47e-14
                  30,             2.51e-14
                30.1,             2.75e-14
                30.2,                3e-14
                30.3,             3.88e-14
                30.4,             4.53e-14
                30.5,             4.72e-14
                30.6,             4.12e-14
                30.7,             3.76e-14
                30.8,             3.13e-14
                30.9,             2.76e-14
                  31,             2.24e-14
                31.1,             1.63e-14
                31.2,             1.28e-14
                31.3,             1.39e-14
                31.4,             1.66e-14
                31.5,              2.1e-14
                31.6,              2.4e-14
                31.7,             3.28e-14
                31.8,             3.98e-14
                31.9,             4.07e-14
                  32,             3.78e-14
                32.1,             3.92e-14
                32.2,             3.91e-14
                32.3,             3.67e-14
                32.4,             3.83e-14
                32.5,             3.67e-14
                32.6,             3.12e-14
                32.7,             2.33e-14
                32.8,             1.01e-14
                32.9,             5.06e-15
                  33,            -1.55e-15
                33.1,            -9.48e-17
                33.2,            -4.04e-15
                33.3,            -6.69e-15
                33.4,            -1.49e-14
                33.5,            -2.28e-14
                33.6,            -2.04e-14
                33.7,            -1.53e-14
                33.8,            -8.59e-15
                33.9,            -9.57e-16
                  34,             2.22e-15
                34.1,            -6.62e-16
                34.2,            -5.14e-15
                34.3,            -1.21e-14
                34.4,            -1.59e-14
                34.5,            -1.96e-14
                34.6,            -1.51e-14
                34.7,            -1.07e-14
                34.8,            -1.04e-14
                34.9,            -1.34e-14
                  35,            -1.39e-14

------------------------------------------------------------
 Potential Energy
------------------------------------------------------------
, Potential Energy (eV)
                 -35,                  3.2
               -34.9,                  3.2
               -34.8,                  3.2
               -34.7,                  3.2
               -34.6,                  3.2
               -34.5,                  3.2
               -34.4,                  3.2
               -34.3,                  3.2
               -34.2,                  3.2
               -34.1,                  3.2
                 -34,                  3.2
               -33.9,                  3.2
               -33.8,                  3.2
               -33.7,                  3.2
               -33.6,                  3.2
               -33.5,                  3.2
               -33.4,                  3.2
               -33.3,                  3.2
               -33.2,                  3.2
               -33.1,                  3.2
                 -33,                  3.2
               -32.9,                  3.2
               -32.8,                  3.2
               -32.7,                  3.2
               -32.6,                  3.2
               -32.5,                  3.2
               -32.4,                  3.2
               -32.3,                  3.2
               -32.2,                  3.2
               -32.1,                  3.2
                 -32,                  3.2
               -31.9,                  3.2
               -31.8,                  3.2
               -31.7,                  3.2
               -31.6,                  3.2
               -31.5,                  3.2
               -31.4,                  3.2
               -31.3,                  3.2
               -31.2,                  3.2
               -31.1,                  3.2
                 -31,                  3.2
               -30.9,                  3.2
               -30.8,                  3.2
               -30.7,                  3.2
               -30.6,                  3.2
               -30.5,                  3.2
               -30.4,                  3.2
               -30.3,                  3.2
               -30.2,                  3.2
               -30.1,                  3.2
                 -30,                  3.2
               -29.9,                  3.2
               -29.8,                  3.2
               -29.7,                  3.2
               -29.6,                  3.2
               -29.5,                  3.2
               -29.4,                  3.2
               -29.3,                  3.2
               -29.2,                  3.2
               -29.1,                  3.2
                 -29,                  3.2
               -28.9,                  3.2
               -28.8,                  3.2
               -28.7,                  3.2
               -28.6,                  3.2
               -28.5,                  3.2
               -28.4,                  3.2
               -28.3,                  3.2
               -28.2,                  3.2
               -28.1,                  3.2
                 -28,                  3.2
               -27.9,                  3.2
               -27.8,                  3.2
               -27.7,                  3.2
               -27.6,                  3.2
               -27.5,                  3.2
               -27.4,                  3.2
               -27.3,                  3.2
               -27.2,                  3.2
               -27.1,                  3.2
                 -27,                  3.2
               -26.9,                  3.2
               -26.8,                  3.2
               -26.7,                  3.2
               -26.6,                  3.2
               -26.5,                  3.2
               -26.4,                  3.2
               -26.3,                  3.2
               -26.2,                  3.2
               -26.1,                  3.2
                 -26,                  3.2
               -25.9,                  3.2
               -25.8,                  3.2
               -25.7,                  3.2
               -25.6,                  3.2
               -25.5,                  3.2
               -25.4,                  3.2
               -25.3,                  3.2
               -25.2,                  3.2
               -25.1,                  3.2
                 -25,                  3.2
               -24.9,                  3.2
               -24.8,                  3.2
               -24.7,                  3.2
               -24.6,                  3.2
               -24.5,                  3.2
               -24.4,                  3.2
               -24.3,                  3.2
               -24.2,                  3.2
               -24.1,                  3.2
                 -24,                  3.2
               -23.9,                  3.2
               -23.8,                  3.2
               -23.7,                  3.2
               -23.6,                  3.2
               -23.5,                  3.2
               -23.4,                  3.2
               -23.3,                  3.2
               -23.2,                  3.2
               -23.1,                  3.2
                 -23,                  3.2
               -22.9,                  3.2
               -22.8,                  3.2
               -22.7,                  3.2
               -22.6,                  3.2
               -22.5,                  3.2
               -22.4,                  3.2
               -22.3,                  3.2
               -22.2,                  3.2
               -22.1,                  3.2
                 -22,                  3.2
               -21.9,                  3.2
               -21.8,                  3.2
               -21.7,                  3.2
               -21.6,                  3.2
               -21.5,                  3.2
               -21.4,                  3.2
               -21.3,                  3.2
               -21.2,                  3.2
               -21.1,                  3.2
                 -21,                  3.2
               -20.9,                  3.2
               -20.8,                  3.2
               -20.7,                  3.2
               -20.6,                  3.2
               -20.5,                  3.2
               -20.4,                  3.2
               -20.3,                  3.2
               -20.2,                  3.2
               -20.1,                  3.2
                 -20,                  3.2
               -19.9,                  3.2
               -19.8,                  3.2
               -19.7,                  3.2
               -19.6,                  3.2
               -19.5,                  3.2
               -19.4,                  3.2
               -19.3,                  3.2
               -19.2,                  3.2
               -19.1,                  3.2
                 -19,                  3.2
               -18.9,                  3.2
               -18.8,                  3.2
               -18.7,                  3.2
               -18.6,                  3.2
               -18.5,                  3.2
               -18.4,                  3.2
               -18.3,                  3.2
               -18.2,                  3.2
               -18.1,                  3.2
                 -18,                  3.2
               -17.9,                  3.2
               -17.8,                  3.2
               -17.7,                  3.2
               -17.6,                  3.2
               -17.5,                  3.2
               -17.4,                  3.2
               -17.3,                  3.2
               -17.2,                  3.2
               -17.1,                  3.2
                 -17,                  3.2
               -16.9,                  3.2
               -16.8,                  3.2
               -16.7,                  3.2
               -16.6,                  3.2
               -16.5,                  3.2
               -16.4,                  3.2
               -16.3,                  3.2
               -16.2,                  3.2
               -16.1,                  3.2
                 -16,                  3.2
               -15.9,                  3.2
               -15.8,                  3.2
               -15.7,                  3.2
               -15.6,                  3.2
               -15.5,                  3.2
               -15.4,                  3.2
               -15.3,                  3.2
               -15.2,                  3.2
               -15.1,                  3.2
                 -15,                  3.2
               -14.9,                  3.2
               -14.8,                  3.2
               -14.7,                  3.2
               -14.6,                  3.2
               -14.5,                  3.2
               -14.4,                  3.2
               -14.3,                  3.2
               -14.2,                  3.2
               -14.1,                  3.2
                 -14,                  3.2
               -13.9,                  3.2
               -13.8,                  3.2
               -13.7,                  3.2
               -13.6,                  3.2
               -13.5,                  3.2
               -13.4,                  3.2
               -13.3,                  3.2
               -13.2,                  3.2
               -13.1,                  3.2
                 -13,                  3.2
               -12.9,                  3.2
               -12.8,                  3.2
               -12.7,                  3.2
               -12.6,                  3.2
               -12.5,                  3.2
               -12.4,                  3.2
               -12.3,                  3.2
               -12.2,                  3.2
               -12.1,                  3.2
                 -12,                  3.2
               -11.9,                  3.2
               -11.8,                  3.2
               -11.7,                  3.2
               -11.6,                  3.2
               -11.5,                  3.2
               -11.4,                  3.2
               -11.3,                  3.2
               -11.2,                  3.2
               -11.1,                  3.2
                 -11,                  3.2
               -10.9,                  3.2
               -10.8,                  3.2
               -10.7,                  3.2
               -10.6,                  3.2
               -10.5,                  3.2
               -10.4,                  3.2
               -10.3,                  3.2
               -10.2,                  3.2
               -10.1,                  3.2
                 -10,                  3.2
                -9.9,                  3.2
                -9.8,                  3.2
                -9.7,                  3.2
                -9.6,                  3.2
                -9.5,                  3.2
                -9.4,                  3.2
                -9.3,                  3.2
                -9.2,                  3.2
                -9.1,                  3.2
                  -9,                  3.2
                -8.9,                  3.2
                -8.8,                  3.2
                -8.7,                  3.2
                -8.6,                  3.2
                -8.5,                  3.2
                -8.4,                  3.2
                -8.3,                  3.2
                -8.2,                  3.2
                -8.1,                  3.2
                  -8,                  3.2
                -7.9,                  3.2
                -7.8,                  3.2
                -7.7,                  3.2
                -7.6,                  3.2
                -7.5,                  3.2
                -7.4,                  3.2
                -7.3,                  3.2
                -7.2,                  3.2
                -7.1,                  3.2
                  -7,                  3.2
                -6.9,                  3.2
                -6.8,                  3.2
                -6.7,                  3.2
                -6.6,                  3.2
                -6.5,                  3.2
                -6.4,                  3.2
                -6.3,                  3.2
                -6.2,                  3.2
                -6.1,                  3.2
                  -6,                  3.2
                -5.9,                  3.2
                -5.8,                  3.2
                -5.7,                  3.2
                -5.6,                  3.2
                -5.5,                  3.2
                -5.4,                  3.2
                -5.3,                  3.2
                -5.2,                  3.2
                -5.1,                  3.2
                  -5,                    0
                -4.9,                    0
                -4.8,                    0
                -4.7,                    0
                -4.6,                    0
                -4.5,                    0
                -4.4,                    0
                -4.3,                    0
                -4.2,                    0
                -4.1,                    0
                  -4,                    0
                -3.9,                    0
                -3.8,                    0
                -3.7,                    0
                -3.6,                    0
                -3.5,                    0
                -3.4,                    0
                -3.3,                    0
                -3.2,                    0
                -3.1,                    0
                  -3,                    0
                -2.9,                    0
                -2.8,                    0
                -2.7,                    0
                -2.6,                    0
                -2.5,                    0
                -2.4,                    0
                -2.3,                    0
                -2.2,                    0
                -2.1,                    0
                  -2,                    0
                -1.9,                    0
                -1.8,                    0
                -1.7,                    0
                -1.6,                    0
                -1.5,                    0
                -1.4,                    0
                -1.3,                    0
                -1.2,                    0
                -1.1,                    0
                  -1,                    0
                -0.9,                    0
                -0.8,                    0
                -0.7,                    0
                -0.6,                    0
                -0.5,                    0
                -0.4,                    0
                -0.3,                    0
                -0.2,                    0
                -0.1,                    0
            2.28e-13,                    0
                 0.1,                    0
                 0.2,                    0
                 0.3,                    0
                 0.4,                    0
                 0.5,                    0
                 0.6,                    0
                 0.7,                    0
                 0.8,                    0
                 0.9,                    0
                   1,                    0
                 1.1,                    0
                 1.2,                    0
                 1.3,                    0
                 1.4,                    0
                 1.5,                    0
                 1.6,                    0
                 1.7,                    0
                 1.8,                    0
                 1.9,                    0
                   2,                    0
                 2.1,                    0
                 2.2,                    0
                 2.3,                    0
                 2.4,                    0
                 2.5,                    0
                 2.6,                    0
                 2.7,                    0
                 2.8,                    0
                 2.9,                    0
                   3,                    0
                 3.1,                    0
                 3.2,                    0
                 3.3,                    0
                 3.4,                    0
                 3.5,                    0
                 3.6,                    0
                 3.7,                    0
                 3.8,                    0
                 3.9,                    0
                   4,                    0
                 4.1,                    0
                 4.2,                    0
                 4.3,                    0
                 4.4,                    0
                 4.5,                    0
                 4.6,                    0
                 4.7,                    0
                 4.8,                    0
                 4.9,                    0
                   5,                    0
                 5.1,                  3.2
                 5.2,                  3.2
                 5.3,                  3.2
                 5.4,                  3.2
                 5.5,                  3.2
                 5.6,                  3.2
                 5.7,                  3.2
                 5.8,                  3.2
                 5.9,                  3.2
                   6,                  3.2
                 6.1,                  3.2
                 6.2,                  3.2
                 6.3,                  3.2
                 6.4,                  3.2
                 6.5,                  3.2
                 6.6,                  3.2
                 6.7,                  3.2
                 6.8,                  3.2
                 6.9,                  3.2
                   7,                  3.2
                 7.1,                  3.2
                 7.2,                  3.2
                 7.3,                  3.2
                 7.4,                  3.2
                 7.5,                  3.2
                 7.6,                  3.2
                 7.7,                  3.2
                 7.8,                  3.2
                 7.9,                  3.2
                   8,                  3.2
                 8.1,                  3.2
                 8.2,                  3.2
                 8.3,                  3.2
                 8.4,                  3.2
                 8.5,                  3.2
                 8.6,                  3.2
                 8.7,                  3.2
                 8.8,                  3.2
                 8.9,                  3.2
                   9,                  3.2
                 9.1,                  3.2
                 9.2,                  3.2
                 9.3,                  3.2
                 9.4,                  3.2
                 9.5,                  3.2
                 9.6,                  3.2
                 9.7,                  3.2
                 9.8,                  3.2
                 9.9,                  3.2
                  10,                  3.2
                10.1,                  3.2
                10.2,                  3.2
                10.3,                  3.2
                10.4,                  3.2
                10.5,                  3.2
                10.6,                  3.2
                10.7,                  3.2
                10.8,                  3.2
                10.9,                  3.2
                  11,                  3.2
                11.1,                  3.2
                11.2,                  3.2
                11.3,                  3.2
                11.4,                  3.2
                11.5,                  3.2
                11.6,                  3.2
                11.7,                  3.2
                11.8,                  3.2
                11.9,                  3.2
                  12,                  3.2
                12.1,                  3.2
                12.2,                  3.2
                12.3,                  3.2
                12.4,                  3.2
                12.5,                  3.2
                12.6,                  3.2
                12.7,                  3.2
                12.8,                  3.2
                12.9,                  3.2
                  13,                  3.2
                13.1,                  3.2
                13.2,                  3.2
                13.3,                  3.2
                13.4,                  3.2
                13.5,                  3.2
                13.6,                  3.2
                13.7,                  3.2
                13.8,                  3.2
                13.9,                  3.2
                  14,                  3.2
                14.1,                  3.2
                14.2,                  3.2
                14.3,                  3.2
                14.4,                  3.2
                14.5,                  3.2
                14.6,                  3.2
                14.7,                  3.2
                14.8,                  3.2
                14.9,                  3.2
                  15,                  3.2
                15.1,                  3.2
                15.2,                  3.2
                15.3,                  3.2
                15.4,                  3.2
                15.5,                  3.2
                15.6,                  3.2
                15.7,                  3.2
                15.8,                  3.2
                15.9,                  3.2
                  16,                  3.2
                16.1,                  3.2
                16.2,                  3.2
                16.3,                  3.2
                16.4,                  3.2
                16.5,                  3.2
                16.6,                  3.2
                16.7,                  3.2
                16.8,                  3.2
                16.9,                  3.2
                  17,                  3.2
                17.1,                  3.2
                17.2,                  3.2
                17.3,                  3.2
                17.4,                  3.2
                17.5,                  3.2
                17.6,                  3.2
                17.7,                  3.2
                17.8,                  3.2
                17.9,                  3.2
                  18,                  3.2
                18.1,                  3.2
                18.2,                  3.2
                18.3,                  3.2
                18.4,                  3.2
                18.5,                  3.2
                18.6,                  3.2
                18.7,                  3.2
                18.8,                  3.2
                18.9,                  3.2
                  19,                  3.2
                19.1,                  3.2
                19.2,                  3.2
                19.3,                  3.2
                19.4,                  3.2
                19.5,                  3.2
                19.6,                  3.2
                19.7,                  3.2
                19.8,                  3.2
                19.9,                  3.2
                  20,                  3.2
                20.1,                  3.2
                20.2,                  3.2
                20.3,                  3.2
                20.4,                  3.2
                20.5,                  3.2
                20.6,                  3.2
                20.7,                  3.2
                20.8,                  3.2
                20.9,                  3.2
                  21,                  3.2
                21.1,                  3.2
                21.2,                  3.2
                21.3,                  3.2
                21.4,                  3.2
                21.5,                  3.2
                21.6,                  3.2
                21.7,                  3.2
                21.8,                  3.2
                21.9,                  3.2
                  22,                  3.2
                22.1,                  3.2
                22.2,                  3.2
                22.3,                  3.2
                22.4,                  3.2
                22.5,                  3.2
                22.6,                  3.2
                22.7,                  3.2
                22.8,                  3.2
                22.9,                  3.2
                  23,                  3.2
                23.1,                  3.2
                23.2,                  3.2
                23.3,                  3.2
                23.4,                  3.2
                23.5,                  3.2
                23.6,                  3.2
                23.7,                  3.2
                23.8,                  3.2
                23.9,                  3.2
                  24,                  3.2
                24.1,                  3.2
                24.2,                  3.2
                24.3,                  3.2
                24.4,                  3.2
                24.5,                  3.2
                24.6,                  3.2
                24.7,                  3.2
                24.8,                  3.2
                24.9,                  3.2
                  25,                  3.2
                25.1,                  3.2
                25.2,                  3.2
                25.3,                  3.2
                25.4,                  3.2
                25.5,                  3.2
                25.6,                  3.2
                25.7,                  3.2
                25.8,                  3.2
                25.9,                  3.2
                  26,                  3.2
                26.1,                  3.2
                26.2,                  3.2
                26.3,                  3.2
                26.4,                  3.2
                26.5,                  3.2
                26.6,                  3.2
                26.7,                  3.2
                26.8,                  3.2
                26.9,                  3.2
                  27,                  3.2
                27.1,                  3.2
                27.2,                  3.2
                27.3,                  3.2
                27.4,                  3.2
                27.5,                  3.2
                27.6,                  3.2
                27.7,                  3.2
                27.8,                  3.2
                27.9,                  3.2
                  28,                  3.2
                28.1,                  3.2
                28.2,                  3.2
                28.3,                  3.2
                28.4,                  3.2
                28.5,                  3.2
                28.6,                  3.2
                28.7,                  3.2
                28.8,                  3.2
                28.9,                  3.2
                  29,                  3.2
                29.1,                  3.2
                29.2,                  3.2
                29.3,                  3.2
                29.4,                  3.2
                29.5,                  3.2
                29.6,                  3.2
                29.7,                  3.2
                29.8,                  3.2
                29.9,                  3.2
                  30,                  3.2
                30.1,                  3.2
                30.2,                  3.2
                30.3,                  3.2
                30.4,                  3.2
                30.5,                  3.2
                30.6,                  3.2
                30.7,                  3.2
                30.8,                  3.2
                30.9,                  3.2
                  31,                  3.2
                31.1,                  3.2
                31.2,                  3.2
                31.3,                  3.2
                31.4,                  3.2
                31.5,                  3.2
                31.6,                  3.2
                31.7,                  3.2
                31.8,                  3.2
                31.9,                  3.2
                  32,                  3.2
                32.1,                  3.2
                32.2,                  3.2
                32.3,                  3.2
                32.4,                  3.2
                32.5,                  3.2
                32.6,                  3.2
                32.7,                  3.2
                32.8,                  3.2
                32.9,                  3.2
                  33,                  3.2
                33.1,                  3.2
                33.2,                  3.2
                33.3,                  3.2
                33.4,                  3.2
                33.5,                  3.2
                33.6,                  3.2
                33.7,                  3.2
                33.8,                  3.2
                33.9,                  3.2
                  34,                  3.2
                34.1,                  3.2
                34.2,                  3.2
                34.3,                  3.2
                34.4,                  3.2
                34.5,                  3.2
                34.6,                  3.2
                34.7,                  3.2
                34.8,                  3.2
                34.9,                  3.2
                  35,                  3.2

